1.774051885346390463e+03 8.951478442349930447e+02
1.774181820576010523e+03 8.951588171108071492e+02
1.779603682121758538e+03 9.277086608895400559e+02
1.757057491913059266e+03 1.105510975956990478e+03
1.793288274882274891e+03 7.347598159230739157e+02
1.814721356558055504e+03 7.717632278844540679e+02
1.841417897638866634e+03 6.232354320387328244e+02
1.823495141782798555e+03 6.716474560725044967e+02
1.801204438645293749e+03 7.455691163320711894e+02
1.779486136035421168e+03 9.274846284933586276e+02
1.867061413952766998e+03 7.124305447712749810e+02
1.930126748064885533e+03 9.666136420978186834e+02
1.857607636355900468e+03 9.458012323860356219e+02
1.892729183565087169e+03 1.025726593949501876e+03
1.895787035771207684e+03 8.936402497724802743e+02
1.895976752665630102e+03 9.559956468842536879e+02
1.923077955424652828e+03 1.013131868987018947e+03
1.898587273255326409e+03 1.052958750656657685e+03
1.928294903767483220e+03 9.100978703018437272e+02
1.930313674936366851e+03 9.669762770914960583e+02
1.986549146953555692e+03 6.662396038659784381e+02
1.929492677203135145e+03 9.667383469871024317e+02
1.929576212308967570e+03 9.672073105418184014e+02
1.930122791813898175e+03 9.688856344252079680e+02
1.972349623634559066e+03 8.972867624568649489e+02
1.975125641114579139e+03 1.011561001536253116e+03
2.015131403960495163e+03 6.419182229647466329e+02
1.930007940516318740e+03 9.668624820696629740e+02
2.036062135929489841e+03 7.103203846967218169e+02
2.049487930514192612e+03 7.391560206679405383e+02
2.063514515518470489e+03 1.025051456593344938e+03
2.083882066959854455e+03 8.202553192012111367e+02
2.071385633418863563e+03 8.737218128578259666e+02
2.063326941220955177e+03 8.954496963718463576e+02
2.067177391022094980e+03 9.410124796837002350e+02
2.129986984311666674e+03 6.824294604730635001e+02
2.129656313202651745e+03 6.834636344510810204e+02
2.101426970027141579e+03 7.980936351274095841e+02
2.147942977742115090e+03 8.290900125938043175e+02
2.148338057098480476e+03 8.291299428014602881e+02
2.223276942777883050e+03 8.187329634150095217e+02
2.137101984391818860e+03 9.629842623225852094e+02
2.122678277844373497e+03 1.107210559137481141e+03
2.185666404755261738e+03 7.109549924731892361e+02
2.249477967432967489e+03 8.590018026495598633e+02
2.223172777884215520e+03 8.188695012365320736e+02
2.281678526913422502e+03 6.847117648952815898e+02
2.272640388034873467e+03 7.920717708944949891e+02
2.250656072802928520e+03 8.603706752015582424e+02
2.258320202923234774e+03 1.009640330841434547e+03
2.295798751103075119e+03 6.661005217458560992e+02
2.297056863292581056e+03 1.093080223130828927e+03
