1.774698230421872267e+03 8.943930421250306608e+02
1.774013980301571564e+03 8.952772227713367101e+02
1.779479411790796121e+03 9.274508371096875408e+02
1.755191184212069629e+03 1.109944000029174504e+03
1.794922015710644473e+03 7.298637495906097001e+02
1.792291311936014154e+03 7.353117257724122737e+02
1.841642334825983653e+03 6.231653134620900119e+02
1.779350317257630877e+03 9.277136508776696928e+02
1.866878469830225868e+03 7.125949773560333824e+02
1.895532911625141651e+03 8.935942695295318572e+02
1.857391567970480082e+03 9.460765474896945761e+02
1.857936840638814147e+03 9.464362027742913597e+02
1.892844555781546887e+03 1.025793451307058149e+03
1.893462037576173543e+03 9.477051575132679773e+02
1.923046524028798558e+03 1.013142709000589093e+03
1.898765220217788055e+03 1.052712481555815657e+03
1.928200987853292418e+03 9.101390339797253546e+02
1.930365641582841818e+03 9.670579950846785096e+02
1.986729229232289754e+03 6.667523391086577931e+02
1.928318752894070485e+03 9.672909347605510675e+02
1.972500061378017563e+03 8.960641717953346870e+02
1.975167387415260691e+03 1.010564318334099084e+03
2.035641393569913816e+03 7.105932345073715624e+02
2.049470716558510503e+03 7.389508579319776800e+02
2.063472085900295951e+03 1.025153392941561833e+03
2.049666193679613571e+03 7.383848057192458327e+02
2.084200881012057835e+03 8.206034338611776775e+02
2.070977395938597510e+03 8.737086132410573782e+02
2.063559303094504230e+03 8.951059240177195306e+02
2.067134267194346648e+03 9.406468358243317880e+02
2.129606245889794991e+03 6.834313511684518971e+02
2.101489191158233098e+03 7.979909603413030936e+02
2.122191753771593540e+03 8.722623788880547409e+02
2.223388074770733965e+03 8.187379511872778721e+02
2.148059124136271294e+03 8.290775722931015252e+02
2.223147143423834223e+03 8.189197382037444868e+02
2.137057511372975569e+03 9.628572199064071810e+02
2.122266181354023502e+03 1.107362001897212849e+03
2.185859518041823321e+03 7.110839706610387339e+02
2.186059303675339834e+03 7.103398976982851991e+02
2.185636272596865183e+03 7.113201915232622241e+02
2.223230584815160000e+03 8.187369352589716982e+02
2.278818568917018638e+03 6.926708170732860026e+02
2.272413674841621742e+03 7.914629600324675494e+02
2.250641849914323302e+03 8.604849578469181779e+02
2.258324153508587642e+03 1.009688649083365362e+03
2.286637788309195003e+03 6.823847573923829941e+02
2.291577830179747252e+03 6.752612642239753313e+02
2.296015039115797208e+03 6.652971738666082047e+02
