1.775759401868416489e+03 6.219042255160738932e+02
1.774229401295886191e+03 8.952386509768740552e+02
1.779047492820508296e+03 9.277037725860737964e+02
1.779544781140838268e+03 9.275827497575318148e+02
1.756948759883042612e+03 1.105920237915180223e+03
1.793241836124607062e+03 7.347665933138717946e+02
1.779440426820475295e+03 9.277117128876092238e+02
1.841885307256241958e+03 6.231602731488014797e+02
1.823469669224187555e+03 6.715859313716305223e+02
1.812534063665776785e+03 7.332325335310521268e+02
1.779301987423796618e+03 9.274997681240051861e+02
1.867027933891487464e+03 7.123538378896679433e+02
1.930336864980743030e+03 9.668800566480355201e+02
1.857669882730828022e+03 9.457597400342476703e+02
1.892743759992408513e+03 1.025764315348989385e+03
1.895778368955538326e+03 8.934954954920666523e+02
1.893523508265945566e+03 9.477534941100609558e+02
1.923011210194288878e+03 1.013168022675103316e+03
1.898552320995306218e+03 1.053069099105476653e+03
1.928248899579284625e+03 9.102111746885636876e+02
1.930430177784333182e+03 9.670872030409938134e+02
1.954154609362082283e+03 1.105659434669851407e+03
1.986408606779217735e+03 6.663079534012788372e+02
1.930310967437747422e+03 9.669715934616054938e+02
1.972337497612385732e+03 8.976303731396805006e+02
1.975146382168306445e+03 1.011519889990896218e+03
2.015411246721840371e+03 6.413459337312270918e+02
2.014738341735904214e+03 6.416672324517197694e+02
1.930110445282680985e+03 9.668885420989463455e+02
2.035764919773163911e+03 7.105059406048731034e+02
2.049309526463666316e+03 7.392902342250380343e+02
2.063505235687423465e+03 1.025169287468370840e+03
2.083934527980489293e+03 8.202715293718796374e+02
2.071722420836154924e+03 8.737752506678654072e+02
2.063872849221810156e+03 8.951740703264795229e+02
2.067140005464902515e+03 9.409350545738391247e+02
2.129550898441860227e+03 6.834620626085740014e+02
2.222967817411313717e+03 8.189011371097176379e+02
2.101381622494774547e+03 7.980242220230144312e+02
2.122717551863192057e+03 8.716952235527636503e+02
2.121920405387556912e+03 8.723120335685923692e+02
2.223170342173969402e+03 8.187777732834257449e+02
2.136924054031329888e+03 9.630075179638276950e+02
2.122555178632323077e+03 1.107400799069208006e+03
2.185775959203115690e+03 7.106117343614597530e+02
2.248700416556379878e+03 8.573425528352595393e+02
2.223184780255402984e+03 8.188614358321765394e+02
2.272857720799719573e+03 7.919484001517847673e+02
2.250627520167705370e+03 8.602523241591726446e+02
2.258299653753426810e+03 1.009703168455274749e+03
2.296285288817866331e+03 6.646338227474656151e+02
2.282956715155356051e+03 6.837968128533543677e+02
2.296943362133405117e+03 1.093676256733245509e+03
