1.774175743923568689e+03 8.952317803819582878e+02
1.754868706655757933e+03 1.110569084583496533e+03
1.792003002184195111e+03 7.354728280593840282e+02
1.865944778692379032e+03 7.119926461811372747e+02
1.779369821595280882e+03 9.276350668229677012e+02
1.841795531853146031e+03 6.233000894150220574e+02
1.866678566734972719e+03 7.124689494782202246e+02
1.895983792329327343e+03 8.937948759562908663e+02
1.857361460745461955e+03 9.461492326907526831e+02
1.859440965080294291e+03 9.471785740854633104e+02
1.892749937349940183e+03 1.025711949299046864e+03
1.898874961937293165e+03 1.053051993583725789e+03
1.893484128865590037e+03 9.477183227925255551e+02
1.916845923739436330e+03 1.012993029574163870e+03
1.928322980062136367e+03 9.101122966862026260e+02
1.930348204405162505e+03 9.671073680718343439e+02
1.986734847176808898e+03 6.667312778783159501e+02
1.971904896406799935e+03 8.956252947483903881e+02
1.974820457447950048e+03 1.010230096593536246e+03
2.036634187424682978e+03 7.131648334581749396e+02
2.035886254341218091e+03 7.107700770003333446e+02
2.049509457667199058e+03 7.388836117567806241e+02
2.070962506652607317e+03 8.736525086652144410e+02
2.063404408080601570e+03 1.025055074243198760e+03
2.049572735304034723e+03 7.384532252634145379e+02
2.084190975756953776e+03 8.204173167201550996e+02
2.064415133667654572e+03 8.947740951222560852e+02
2.067203748579666808e+03 9.405320993236693994e+02
2.129570415298874650e+03 6.835801737334339805e+02
2.101406997658803903e+03 7.980648865342235467e+02
2.121977827711112695e+03 8.723638011076955081e+02
2.137342544319304579e+03 9.628075318666235489e+02
2.223184649900523709e+03 8.188248858412080153e+02
2.122456359750974116e+03 1.107323184664580367e+03
2.186282872076872991e+03 7.104746052369381459e+02
2.185846464776011544e+03 7.117966428340027960e+02
2.223021942266752376e+03 8.192081105044323976e+02
2.223271695800752696e+03 8.187381655991547404e+02
2.272580802278928786e+03 7.913877103158494037e+02
2.250544417169700864e+03 8.605069588754569168e+02
2.258172227302960891e+03 1.009513666662000105e+03
2.296061580135996792e+03 6.649561370093389314e+02
2.292190120092091547e+03 6.745181114079708777e+02
