1.776168655573249453e+03 6.216569944012131828e+02
1.774333989557298537e+03 8.952092710673615557e+02
1.779415500327406107e+03 9.275008539754016965e+02
1.756868657277520242e+03 1.105942742441138989e+03
1.792429813336322695e+03 7.354146857696784991e+02
1.841593479293812152e+03 6.230195661671561993e+02
1.826347905717913136e+03 6.680270372894577804e+02
1.823246865023302234e+03 6.697260350541444041e+02
1.812876686028073891e+03 7.336569961388536285e+02
1.779352318323843519e+03 9.274250120446343999e+02
1.867051437266205994e+03 7.126558019632557262e+02
1.930381365425547983e+03 9.669666605858508319e+02
1.857753608715995369e+03 9.453630491011741697e+02
1.892290601643382843e+03 1.025916392865455919e+03
1.896029535706124534e+03 8.938241918280309619e+02
1.922946985847519727e+03 1.013218068485579124e+03
1.898450366819960436e+03 1.053174807758288352e+03
1.928226026520908817e+03 9.100776425880249008e+02
1.930363339054985545e+03 9.670137253071989107e+02
1.955004385148659139e+03 1.105966729815475674e+03
1.986374203797896371e+03 6.663270687162619197e+02
1.930287246044383437e+03 9.669112777367738545e+02
1.970215742266093002e+03 8.979617032555742071e+02
1.974945769076624856e+03 1.011864094048329207e+03
2.015264311827899974e+03 6.413992932012611163e+02
1.930297641453002370e+03 9.669954661053178597e+02
2.047825241895867293e+03 7.465736255045674170e+02
2.035779277773030344e+03 7.106801007447240863e+02
2.049265215330266983e+03 7.391734969702844182e+02
2.063615225506690877e+03 1.025142389900639273e+03
2.083819610471828128e+03 8.200866286000712080e+02
2.071111671860534898e+03 8.737337853756966979e+02
2.063255253732859273e+03 8.957112114271203609e+02
2.067186385517324197e+03 9.410417597803739227e+02
2.129654848288427729e+03 6.833442354984981648e+02
2.101469486715543098e+03 7.984300825781659796e+02
2.101187198451355925e+03 7.980364216080561164e+02
2.122275039448242751e+03 8.717073555873521400e+02
2.223955805892547687e+03 8.191031195840554346e+02
2.223218882174730879e+03 8.187429367270053717e+02
2.136812139624349584e+03 9.631699787420019447e+02
2.122639078339082971e+03 1.107292150574388188e+03
2.185812567376767220e+03 7.108446815328787807e+02
2.223268451377645761e+03 8.185527804926612134e+02
2.249109769447156850e+03 8.576429057862028458e+02
2.223323690074421393e+03 8.186772749743812483e+02
2.272326202094934160e+03 7.920302046055713845e+02
2.246965708698641720e+03 8.534596914458958281e+02
2.250816484034118275e+03 8.600963832209969269e+02
2.257982517074771749e+03 1.009877246695067697e+03
2.282949542182710502e+03 6.836891974347272480e+02
2.297342105263157919e+03 1.093631578947368325e+03
